
Main Thread Created and the time is  1551424811.274938

 thread 1 starting time is 1551424811.275145 
Linux ID : 16659 Posix ID : 139715738113792
Character: j Count: 26

Character: q Count: 4

Character: x Count: 84

Character: z Count: 12

Thread 1 over at time 1551424811.278618 and process is completed 

Thread2 Started at 1551424811.281285
Linux Thread: 16660,  Posix thread ID: 139715729721088
CPU 1551424811.420369 
cpu  2015878 2387 178584 2020549 46415 0 1648 0 0 0
cpu0 2015878 2387 178584 2020549 46415 0 1648 0 0 0
ÿ
CPU 1551424811.551719 
cpu  2015888 2387 178584 2020549 46415 0 1648 0 0 0
cpu0 2015888 2387 178584 2020549 46415 0 1648 0 0 0
ÿ
CPU 1551424811.655647 
cpu  2015898 2387 178585 2020549 46415 0 1648 0 0 0
cpu0 2015898 2387 178585 2020549 46415 0 1648 0 0 0
ÿ
CPU 1551424811.756566 
cpu  2015908 2387 178585 2020549 46415 0 1648 0 0 0
cpu0 2015908 2387 178585 2020549 46415 0 1648 0 0 0
ÿ
CPU 1551424811.887932 
cpu  2015921 2387 178585 2020549 46415 0 1648 0 0 0
cpu0 2015921 2387 178585 2020549 46415 0 1648 0 0 0
ÿ
CPU 1551424811.988043 
cpu  2015931 2387 178585 2020549 46415 0 1648 0 0 0
cpu0 2015931 2387 178585 2020549 46415 0 1648 0 0 0
ÿ
CPU 1551424812.92413 
cpu  2015941 2387 178585 2020549 46415 0 1648 0 0 0
cpu0 2015941 2387 178585 2020549 46415 0 1648 0 0 0
ÿ
CPU 1551424812.199778 
cpu  2015952 2387 178585 2020549 46415 0 1648 0 0 0
cpu0 2015952 2387 178585 2020549 46415 0 1648 0 0 0
ÿ
CPU 1551424812.300310 
cpu  2015962 2387 178585 2020549 46415 0 1648 0 0 0
cpu0 2015962 2387 178585 2020549 46415 0 1648 0 0 0
ÿ
CPU 1551424812.492090 
cpu  2015979 2387 178587 2020549 46415 0 1648 0 0 0
cpu0 2015979 2387 178587 2020549 46415 0 1648 0 0 0
ÿ
CPU 1551424812.628537 
cpu  2015993 2387 178587 2020549 46415 0 1648 0 0 0
cpu0 2015993 2387 178587 2020549 46415 0 1648 0 0 0
ÿ
CPU 1551424812.819869 
cpu  2016012 2387 178588 2020549 46415 0 1648 0 0 0
cpu0 2016012 2387 178588 2020549 46415 0 1648 0 0 0
ÿ
CPU 1551424813.46120 
cpu  2016031 2387 178589 2020549 46415 0 1648 0 0 0
cpu0 2016031 2387 178589 2020549 46415 0 1648 0 0 0
ÿ
CPU 1551424813.247992 
cpu  2016050 2387 178591 2020549 46415 0 1648 0 0 0
cpu0 2016050 2387 178591 2020549 46415 0 1648 0 0 0
ÿ
CPU 1551424813.448204 
cpu  2016069 2387 178592 2020549 46415 0 1648 0 0 0
cpu0 2016069 2387 178592 2020549 46415 0 1648 0 0 0
ÿ
CPU 1551424813.603751 
cpu  2016084 2387 178592 2020549 46415 0 1648 0 0 0
cpu0 2016084 2387 178592 2020549 46415 0 1648 0 0 0
ÿ
CPU 1551424813.772114 
cpu  2016100 2387 178592 2020549 46415 0 1648 0 0 0
cpu0 2016100 2387 178592 2020549 46415 0 1648 0 0 0
ÿ
CPU 1551424813.916050 
cpu  2016115 2387 178592 2020549 46415 0 1648 0 0 0
cpu0 2016115 2387 178592 2020549 46415 0 1648 0 0 0
ÿ
CPU 1551424814.15663 
cpu  2016125 2387 178592 2020549 46415 0 1648 0 0 0
cpu0 2016125 2387 178592 2020549 46415 0 1648 0 0 0
ÿ
CPU 1551424814.155744 
cpu  2016139 2387 178593 2020549 46415 0 1648 0 0 0
cpu0 2016139 2387 178593 2020549 46415 0 1648 0 0 0
ÿ
CPU 1551424814.292035 
cpu  2016152 2387 178593 2020549 46415 0 1648 0 0 0
cpu0 2016152 2387 178593 2020549 46415 0 1648 0 0 0
ÿ
CPU 1551424814.415941 
cpu  2016164 2387 178593 2020549 46415 0 1648 0 0 0
cpu0 2016164 2387 178593 2020549 46415 0 1648 0 0 0
ÿ
CPU 1551424814.660001 
cpu  2016187 2387 178595 2020549 46415 0 1648 0 0 0
cpu0 2016187 2387 178595 2020549 46415 0 1648 0 0 0
ÿ
CPU 1551424814.819960 
cpu  2016202 2387 178595 2020549 46415 0 1648 0 0 0
cpu0 2016202 2387 178595 2020549 46415 0 1648 0 0 0
ÿ
CPU 1551424814.940042 
cpu  2016213 2387 178595 2020549 46415 0 1648 0 0 0
cpu0 2016213 2387 178595 2020549 46415 0 1648 0 0 0
ÿ
CPU 1551424815.40583 
cpu  2016223 2387 178595 2020549 46415 0 1648 0 0 0
cpu0 2016223 2387 178595 2020549 46415 0 1648 0 0 0
ÿ
CPU 1551424815.184067 
cpu  2016237 2387 178596 2020549 46415 0 1648 0 0 0
cpu0 2016237 2387 178596 2020549 46415 0 1648 0 0 0
ÿ
CPU 1551424815.308010 
cpu  2016249 2387 178596 2020549 46415 0 1648 0 0 0
cpu0 2016249 2387 178596 2020549 46415 0 1648 0 0 0
ÿ
CPU 1551424815.425090 
cpu  2016260 2387 178596 2020549 46415 0 1648 0 0 0
cpu0 2016260 2387 178596 2020549 46415 0 1648 0 0 0
ÿ
CPU 1551424815.524095 
cpu  2016270 2387 178596 2020549 46415 0 1648 0 0 0
cpu0 2016270 2387 178596 2020549 46415 0 1648 0 0 0
ÿ
CPU 1551424815.628047 
cpu  2016281 2387 178596 2020549 46415 0 1648 0 0 0
cpu0 2016281 2387 178596 2020549 46415 0 1648 0 0 0
ÿ
CPU 1551424815.751689 
cpu  2016293 2387 178596 2020549 46415 0 1648 0 0 0
cpu0 2016293 2387 178596 2020549 46415 0 1648 0 0 0
ÿ
CPU 1551424815.852064 
cpu  2016303 2387 178596 2020549 46415 0 1648 0 0 0
cpu0 2016303 2387 178596 2020549 46415 0 1648 0 0 0
ÿ
CPU 1551424815.980788 
cpu  2016315 2387 178597 2020549 46415 0 1648 0 0 0
cpu0 2016315 2387 178597 2020549 46415 0 1648 0 0 0
ÿ
CPU 1551424816.83919 
cpu  2016326 2387 178597 2020549 46415 0 1648 0 0 0
cpu0 2016326 2387 178597 2020549 46415 0 1648 0 0 0
ÿ
CPU 1551424816.251710 
cpu  2016342 2387 178597 2020549 46415 0 1648 0 0 0
cpu0 2016342 2387 178597 2020549 46415 0 1648 0 0 0
ÿ
CPU 1551424816.352236 
cpu  2016352 2387 178597 2020549 46415 0 1648 0 0 0
cpu0 2016352 2387 178597 2020549 46415 0 1648 0 0 0
ÿ
CPU 1551424816.491918 
cpu  2016365 2387 178598 2020549 46415 0 1648 0 0 0
cpu0 2016365 2387 178598 2020549 46415 0 1648 0 0 0
ÿ
CPU 1551424816.635843 
cpu  2016379 2387 178598 2020549 46415 0 1648 0 0 0
cpu0 2016379 2387 178598 2020549 46415 0 1648 0 0 0
ÿ
CPU 1551424816.755661 
cpu  2016391 2387 178598 2020549 46415 0 1648 0 0 0
cpu0 2016391 2387 178598 2020549 46415 0 1648 0 0 0
ÿ
CPU 1551424816.868937 
cpu  2016402 2387 178599 2020549 46415 0 1648 0 0 0
cpu0 2016402 2387 178599 2020549 46415 0 1648 0 0 0
ÿ
CPU 1551424816.993400 
cpu  2016414 2387 178600 2020549 46415 0 1648 0 0 0
cpu0 2016414 2387 178600 2020549 46415 0 1648 0 0 0
ÿ
CPU 1551424817.116030 
cpu  2016426 2387 178600 2020549 46415 0 1648 0 0 0
cpu0 2016426 2387 178600 2020549 46415 0 1648 0 0 0
ÿ
CPU 1551424817.227834 
cpu  2016437 2387 178600 2020549 46415 0 1648 0 0 0
cpu0 2016437 2387 178600 2020549 46415 0 1648 0 0 0
ÿ
CPU 1551424817.347846 
cpu  2016448 2387 178601 2020549 46415 0 1648 0 0 0
cpu0 2016448 2387 178601 2020549 46415 0 1648 0 0 0
ÿ
CPU 1551424817.471812 
cpu  2016460 2387 178601 2020549 46415 0 1648 0 0 0
cpu0 2016460 2387 178601 2020549 46415 0 1648 0 0 0
ÿ
CPU 1551424817.572029 
cpu  2016470 2387 178601 2020549 46415 0 1648 0 0 0
cpu0 2016470 2387 178601 2020549 46415 0 1648 0 0 0
ÿ
CPU 1551424817.719692 
cpu  2016484 2387 178602 2020549 46415 0 1648 0 0 0
cpu0 2016484 2387 178602 2020549 46415 0 1648 0 0 0
ÿ
CPU 1551424817.839759 
cpu  2016496 2387 178602 2020549 46415 0 1648 0 0 0
cpu0 2016496 2387 178602 2020549 46415 0 1648 0 0 0
ÿ
CPU 1551424817.948082 
cpu  2016508 2387 178602 2020549 46415 0 1648 0 0 0
cpu0 2016508 2387 178602 2020549 46415 0 1648 0 0 0
ÿ
CPU 1551424818.52100 
cpu  2016518 2387 178602 2020549 46415 0 1648 0 0 0
cpu0 2016518 2387 178602 2020549 46415 0 1648 0 0 0
ÿ
CPU 1551424818.155999 
cpu  2016528 2387 178602 2020549 46415 0 1648 0 0 0
cpu0 2016528 2387 178602 2020549 46415 0 1648 0 0 0
ÿ
CPU 1551424818.280458 
cpu  2016540 2387 178602 2020549 46415 0 1648 0 0 0
cpu0 2016540 2387 178602 2020549 46415 0 1648 0 0 0
ÿ
CPU 1551424818.380110 
cpu  2016550 2387 178602 2020549 46415 0 1648 0 0 0
cpu0 2016550 2387 178602 2020549 46415 0 1648 0 0 0
ÿ
CPU 1551424818.487995 
cpu  2016561 2387 178602 2020549 46415 0 1648 0 0 0
cpu0 2016561 2387 178602 2020549 46415 0 1648 0 0 0
ÿ
CPU 1551424818.591903 
cpu  2016571 2387 178602 2020549 46415 0 1648 0 0 0
cpu0 2016571 2387 178602 2020549 46415 0 1648 0 0 0
ÿ
CPU 1551424818.707904 
cpu  2016582 2387 178603 2020549 46415 0 1648 0 0 0
cpu0 2016582 2387 178603 2020549 46415 0 1648 0 0 0
ÿ
CPU 1551424818.844185 
cpu  2016596 2387 178603 2020549 46415 0 1648 0 0 0
cpu0 2016596 2387 178603 2020549 46415 0 1648 0 0 0
ÿ
CPU 1551424819.12498 
cpu  2016610 2387 178604 2020549 46415 0 1648 0 0 0
cpu0 2016610 2387 178604 2020549 46415 0 1648 0 0 0
ÿ
CPU 1551424819.143688 
cpu  2016623 2387 178604 2020549 46415 0 1648 0 0 0
cpu0 2016623 2387 178604 2020549 46415 0 1648 0 0 0
ÿ
CPU 1551424819.282404 
cpu  2016636 2387 178604 2020549 46415 0 1648 0 0 0
cpu0 2016636 2387 178604 2020549 46415 0 1648 0 0 0
ÿ
CPU 1551424819.439969 
cpu  2016652 2387 178605 2020549 46415 0 1648 0 0 0
cpu0 2016652 2387 178605 2020549 46415 0 1648 0 0 0
ÿ
CPU 1551424819.632111 
cpu  2016670 2387 178605 2020549 46415 0 1648 0 0 0
cpu0 2016670 2387 178605 2020549 46415 0 1648 0 0 0
ÿ
CPU 1551424819.787896 
cpu  2016686 2387 178605 2020549 46415 0 1648 0 0 0
cpu0 2016686 2387 178605 2020549 46415 0 1648 0 0 0
ÿ
CPU 1551424819.963703 
cpu  2016703 2387 178606 2020549 46415 0 1648 0 0 0
cpu0 2016703 2387 178606 2020549 46415 0 1648 0 0 0
ÿ
CPU 1551424820.63891 
cpu  2016713 2387 178606 2020549 46415 0 1648 0 0 0
cpu0 2016713 2387 178606 2020549 46415 0 1648 0 0 0
ÿ
CPU 1551424820.187779 
cpu  2016725 2387 178606 2020549 46415 0 1648 0 0 0
cpu0 2016725 2387 178606 2020549 46415 0 1648 0 0 0
ÿ
CPU 1551424820.307759 
cpu  2016738 2387 178606 2020549 46415 0 1648 0 0 0
cpu0 2016738 2387 178606 2020549 46415 0 1648 0 0 0
ÿ
CPU 1551424820.447694 
cpu  2016751 2387 178606 2020549 46415 0 1648 0 0 0
cpu0 2016751 2387 178606 2020549 46415 0 1648 0 0 0
ÿ
CPU 1551424820.592167 
cpu  2016765 2387 178606 2020549 46415 0 1648 0 0 0
cpu0 2016765 2387 178606 2020549 46415 0 1648 0 0 0
ÿ
CPU 1551424820.695642 
cpu  2016776 2387 178606 2020549 46415 0 1648 0 0 0
cpu0 2016776 2387 178606 2020549 46415 0 1648 0 0 0
ÿ
CPU 1551424820.803970 
cpu  2016786 2387 178606 2020549 46415 0 1648 0 0 0
cpu0 2016786 2387 178606 2020549 46415 0 1648 0 0 0
ÿ
CPU 1551424820.939704 
cpu  2016800 2387 178606 2020549 46415 0 1648 0 0 0
cpu0 2016800 2387 178606 2020549 46415 0 1648 0 0 0
ÿ
CPU 1551424821.67925 
cpu  2016812 2387 178607 2020549 46415 0 1648 0 0 0
cpu0 2016812 2387 178607 2020549 46415 0 1648 0 0 0
ÿ
CPU 1551424821.168042 
cpu  2016822 2387 178607 2020549 46415 0 1648 0 0 0
cpu0 2016822 2387 178607 2020549 46415 0 1648 0 0 0
ÿ
CPU 1551424821.283687 
cpu  2016834 2387 178607 2020549 46415 0 1648 0 0 0
cpu0 2016834 2387 178607 2020549 46415 0 1648 0 0 0
ÿ
CPU 1551424821.419903 
cpu  2016847 2387 178607 2020549 46415 0 1648 0 0 0
cpu0 2016847 2387 178607 2020549 46415 0 1648 0 0 0
ÿ
CPU 1551424821.528943 
cpu  2016858 2387 178607 2020549 46415 0 1648 0 0 0
cpu0 2016858 2387 178607 2020549 46415 0 1648 0 0 0
ÿ
CPU 1551424821.656488 
cpu  2016870 2387 178608 2020549 46415 0 1648 0 0 0
cpu0 2016870 2387 178608 2020549 46415 0 1648 0 0 0
ÿ
CPU 1551424821.787833 
cpu  2016883 2387 178608 2020549 46415 0 1648 0 0 0
cpu0 2016883 2387 178608 2020549 46415 0 1648 0 0 0
ÿ
 Killed by USer1

 Thread 2 is over at time 1551424821.862770

 Master threading is exited now: 1551424821.863319
